38
69
68
5
55
17
37
85
10
15
21
30
82
10
60
14
59
27
64
54
18
7
99
44
30
9
2
6
84
63
80
8
37
57
52
60
29
72
59
66
23
68
80
70
44
12
19
58
10
70
26
10
0
41
42
77
27
18
65
2
54
59
85
75
2
24
14
91
39
57
49
26
17
47
99
29
43
20
36
58
60
24
15
89
58
81
64
82
12
60
31
2
29
80
25
82
43
97
27
57
82
94
41
6
14
19
14
55
29
44
3
19
79
2
72
32
70
92
40
68
73
100
86
5
73
63
94
98
98
78
43
19
13
0
35
44
51
85
16
24
77
41
11
36
37
16
57
81
16
27
78
86
18
97
5
60
80
52
51
85
57
9
42
92
54
5
26
61
0
63
94
30
73
7
44
59
18
9
29
39
31
14
15
91
26
98
12
99
73
63
15
99
69
58
82
3
90
14
56
43
33
52
25
87
79
48
53
6
68
71
19
73
6
7
81
65
70
27
90
57
21
59
55
74
30
46
80
86
47
71
3
74
26
66
85
47
93
22
98
15
67
32
85
14
67
56
42
65
60
75
36
61
9
42
37
52
50
84
6
41
43
76
70
87
56
26
48
99
58
65
62
34
81
63
66
5
10
76
69
23
27
97
75
93
31
97
76
77
57
1
98
90
31
32
36
34
62
0
43
80
74
82
85
86
100
4
83
16
90
87
47
100
40
15
36
13
91
64
41
24
58
26
13
97
73
63
64
100
20
80
77
48
0
69
39
69
99
67
55
59
45
93
64
36
14
78
59
17
30
24
68
58
55
92
35
97
44
39
5
69
55
53
0
80
19
96
98
33
94
13
45
1
8
58
26
74
24
42
18
69
2
91
97
71
63
28
11
61
37
35
78
91
79
58
41
93
6
26
7
71
47
83
33
74
72
79
21
80
62
34
67
64
13
1
68
88
33
38
93
3
43
14
1
96
34
79
22
3
5
21
3
49
48
99
50
52
88
64
7
30
7
28
50
40
100
56
54
88
95
50
69
2
61
54
51
52
58
0
15
58
19
48
85
3
28
94
3
26
3
8
74
36
6
6
13
1
71
10
22
75
27
22
1
72
57
66
29
87
0
26
1
44
64
78
15
95
33
34
100
65
